  t
  0.00            0.000000
  0.01            0.000075
  0.02            0.000150
  0.03            0.000225
  0.04            0.000300
  0.05            0.000375
  0.06            0.000450
  0.07            0.000525
  0.08            0.000600
  0.09            0.000675
  0.10            0.000750
  0.11            0.000825
  0.12            0.000900
  0.13            0.000975
  0.14            0.001050
  0.15            0.001125
  0.16            0.001200
  0.17            0.001275
  0.18            0.001350
  0.19            0.001425
  0.20            0.001500
  0.21            0.001575
  0.22            0.001650
  0.23            0.001725
  0.24            0.001800
  0.25            0.001875
  0.26            0.001950
  0.27            0.002025
  0.28            0.002100
  0.29            0.002175
  0.30            0.002250
  0.31            0.002325
  0.32            0.002400
  0.33            0.002475
  0.34            0.002550
  0.35            0.002625
  0.36            0.002700
  0.37            0.002775
  0.38            0.002850
  0.39            0.002925
  0.40            0.003000
  0.41            0.003075
  0.42            0.003150
  0.43            0.003225
  0.44            0.003300
  0.45            0.003375
  0.46            0.003450
  0.47            0.003525
  0.48            0.003600
  0.49            0.003675
  0.50            0.003750
  0.51            0.003675
  0.52            0.003600
  0.53            0.003525
  0.54            0.003450
  0.55            0.003375
  0.56            0.003300
  0.57            0.003225
  0.58            0.003150
  0.59            0.003075
  0.60            0.003000
  0.61            0.002925
  0.62            0.002850
  0.63            0.002775
  0.64            0.002700
  0.65            0.002625
  0.66            0.002550
  0.67            0.002475
  0.68            0.002400
  0.69            0.002325
  0.70            0.002250
  0.71            0.002175
  0.72            0.002100
  0.73            0.002025
  0.74            0.001950
  0.75            0.001875
  0.76            0.001800
  0.77            0.001725
  0.78            0.001650
  0.79            0.001575
  0.80            0.001500
  0.81            0.001425
  0.82            0.001350
  0.83            0.001275
  0.84            0.001200
  0.85            0.001125
  0.86            0.001050
  0.87            0.000975
  0.88            0.000900
  0.89            0.000825
  0.90            0.000750
  0.91            0.000675
  0.92            0.000600
  0.93            0.000525
  0.94            0.000450
  0.95            0.000375
  0.96            0.000300
  0.97            0.000225
  0.98            0.000150
  0.99            0.000075
  1.00            0.000000
  1.01            0.000075
  1.02            0.000150
  1.03            0.000225
  1.04            0.000300
  1.05            0.000375
  1.06            0.000450
  1.07            0.000525
  1.08            0.000600
  1.09            0.000675
  1.10            0.000750
  1.11            0.000825
  1.12            0.000900
  1.13            0.000975
  1.14            0.001050
  1.15            0.001125
  1.16            0.001200
  1.17            0.001275
  1.18            0.001350
  1.19            0.001425
  1.20            0.001500
  1.21            0.001575
  1.22            0.001650
  1.23            0.001725
  1.24            0.001800
  1.25            0.001875
  1.26            0.001950
  1.27            0.002025
  1.28            0.002100
  1.29            0.002175
  1.30            0.002250
  1.31            0.002325
  1.32            0.002400
  1.33            0.002475
  1.34            0.002550
  1.35            0.002625
  1.36            0.002700
  1.37            0.002775
  1.38            0.002850
  1.39            0.002925
  1.40            0.003000
  1.41            0.003075
  1.42            0.003150
  1.43            0.003225
  1.44            0.003300
  1.45            0.003375
  1.46            0.003450
  1.47            0.003525
  1.48            0.003600
  1.49            0.003675
  1.50            0.003750
  1.51            0.003750
  1.52            0.003750
  1.53            0.003750
  1.54            0.003750
  1.55            0.003750
  1.56            0.003750
  1.57            0.003750
  1.58            0.003750
  1.59            0.003750
  1.60            0.003750
  1.61            0.003750
  1.62            0.003750
  1.63            0.003750
  1.64            0.003750
  1.65            0.003750
  1.66            0.003750
  1.67            0.003750
  1.68            0.003750
  1.69            0.003750
  1.70            0.003750
  1.71            0.003750
  1.72            0.003750
  1.73            0.003750
  1.74            0.003750
  1.75            0.003750
  1.76            0.003750
  1.77            0.003750
  1.78            0.003750
  1.79            0.003750
  1.80            0.003750
  1.81            0.003750
  1.82            0.003750
  1.83            0.003750
  1.84            0.003750
  1.85            0.003750
  1.86            0.003750
  1.87            0.003750
  1.88            0.003750
  1.89            0.003750
  1.90            0.003750
  1.91            0.003750
  1.92            0.003750
  1.93            0.003750
  1.94            0.003750
  1.95            0.003750
  1.96            0.003750
  1.97            0.003750
  1.98            0.003750
  1.99            0.003750
  2.00            0.003750
  2.01            0.003750
  2.02            0.003750
  2.03            0.003750
  2.04            0.003750
  2.05            0.003750
  2.06            0.003750
  2.07            0.003750
  2.08            0.003750
  2.09            0.003750
  2.10            0.003750
  2.11            0.003750
  2.12            0.003750
  2.13            0.003750
  2.14            0.003750
  2.15            0.003750
  2.16            0.003750
  2.17            0.003750
  2.18            0.003750
  2.19            0.003750
  2.20            0.003750
  2.21            0.003750
  2.22            0.003750
  2.23            0.003750
  2.24            0.003750
  2.25            0.003750
  2.26            0.003750
  2.27            0.003750
  2.28            0.003750
  2.29            0.003750
  2.30            0.003750
  2.31            0.003750
  2.32            0.003750
  2.33            0.003750
  2.34            0.003750
  2.35            0.003750
  2.36            0.003750
  2.37            0.003750
  2.38            0.003750
  2.39            0.003750
  2.40            0.003750
  2.41            0.003750
  2.42            0.003750
  2.43            0.003750
  2.44            0.003750
  2.45            0.003750
  2.46            0.003750
  2.47            0.003750
  2.48            0.003750
  2.49            0.003750
  2.50            0.003750
  2.51            0.003750
  2.52            0.003750
  2.53            0.003750
  2.54            0.003750
  2.55            0.003750
  2.56            0.003750
  2.57            0.003750
  2.58            0.003750
  2.59            0.003750
  2.60            0.003750
  2.61            0.003750
  2.62            0.003750
  2.63            0.003750
  2.64            0.003750
  2.65            0.003750
  2.66            0.003750
  2.67            0.003750
  2.68            0.003750
  2.69            0.003750
  2.70            0.003750
  2.71            0.003750
  2.72            0.003750
  2.73            0.003750
  2.74            0.003750
  2.75            0.003750
  2.76            0.003750
  2.77            0.003750
  2.78            0.003750
  2.79            0.003750
  2.80            0.003750
  2.81            0.003750
  2.82            0.003750
  2.83            0.003750
  2.84            0.003750
  2.85            0.003750
  2.86            0.003750
  2.87            0.003750
  2.88            0.003750
  2.89            0.003750
  2.90            0.003750
  2.91            0.003750
  2.92            0.003750
  2.93            0.003750
  2.94            0.003750
  2.95            0.003750
  2.96            0.003750
  2.97            0.003750
  2.98            0.003750
  2.99            0.003750
  3.00            0.003750
  3.01            0.003750
  3.02            0.003750
  3.03            0.003750
  3.04            0.003750
  3.05            0.003750
  3.06            0.003750
  3.07            0.003750
  3.08            0.003750
  3.09            0.003750
  3.10            0.003750
  3.11            0.003750
  3.12            0.003750
  3.13            0.003750
  3.14            0.003750
  3.15            0.003750
  3.16            0.003750
  3.17            0.003750
  3.18            0.003750
  3.19            0.003750
  3.20            0.003750
  3.21            0.003750
  3.22            0.003750
  3.23            0.003750
  3.24            0.003750
  3.25            0.003750
  3.26            0.003750
  3.27            0.003750
  3.28            0.003750
  3.29            0.003750
  3.30            0.003750
  3.31            0.003750
  3.32            0.003750
  3.33            0.003750
  3.34            0.003750
  3.35            0.003750
  3.36            0.003750
  3.37            0.003750
  3.38            0.003750
  3.39            0.003750
  3.40            0.003750
  3.41            0.003750
  3.42            0.003750
  3.43            0.003750
  3.44            0.003750
  3.45            0.003750
  3.46            0.003750
  3.47            0.003750
  3.48            0.003750
  3.49            0.003750
  3.50            0.003750
  3.51            0.003750
  3.52            0.003750
  3.53            0.003750
  3.54            0.003750
  3.55            0.003750
  3.56            0.003750
  3.57            0.003750
  3.58            0.003750
  3.59            0.003750
  3.60            0.003750
  3.61            0.003750
  3.62            0.003750
  3.63            0.003750
  3.64            0.003750
  3.65            0.003750
  3.66            0.003750
  3.67            0.003750
  3.68            0.003750
  3.69            0.003750
  3.70            0.003750
  3.71            0.003750
  3.72            0.003750
  3.73            0.003750
  3.74            0.003750
  3.75            0.003750
  3.76            0.003750
  3.77            0.003750
  3.78            0.003750
  3.79            0.003750
  3.80            0.003750
  3.81            0.003750
  3.82            0.003750
  3.83            0.003750
  3.84            0.003750
  3.85            0.003750
  3.86            0.003750
  3.87            0.003750
  3.88            0.003750
  3.89            0.003750
  3.90            0.003750
  3.91            0.003750
  3.92            0.003750
  3.93            0.003750
  3.94            0.003750
  3.95            0.003750
  3.96            0.003750
  3.97            0.003750
  3.98            0.003750
  3.99            0.003750
  4.00            0.003750
  4.01            0.003750
  4.02            0.003750
  4.03            0.003750
  4.04            0.003750
  4.05            0.003750
  4.06            0.003750
  4.07            0.003750
  4.08            0.003750
  4.09            0.003750
  4.10            0.003750
  4.11            0.003750
  4.12            0.003750
  4.13            0.003750
  4.14            0.003750
  4.15            0.003750
  4.16            0.003750
  4.17            0.003750
  4.18            0.003750
  4.19            0.003750
  4.20            0.003750
  4.21            0.003750
  4.22            0.003750
  4.23            0.003750
  4.24            0.003750
  4.25            0.003750
  4.26            0.003750
  4.27            0.003750
  4.28            0.003750
  4.29            0.003750
  4.30            0.003750
  4.31            0.003750
  4.32            0.003750
  4.33            0.003750
  4.34            0.003750
  4.35            0.003750
  4.36            0.003750
  4.37            0.003750
  4.38            0.003750
  4.39            0.003750
  4.40            0.003750
  4.41            0.003750
  4.42            0.003750
  4.43            0.003750
  4.44            0.003750
  4.45            0.003750
  4.46            0.003750
  4.47            0.003750
  4.48            0.003750
  4.49            0.003750
  4.50            0.003750
  4.51            0.003750
  4.52            0.003750
  4.53            0.003750
  4.54            0.003750
  4.55            0.003750
  4.56            0.003750
  4.57            0.003750
  4.58            0.003750
  4.59            0.003750
  4.60            0.003750
  4.61            0.003750
  4.62            0.003750
  4.63            0.003750
  4.64            0.003750
  4.65            0.003750
  4.66            0.003750
  4.67            0.003750
  4.68            0.003750
  4.69            0.003750
  4.70            0.003750
  4.71            0.003750
  4.72            0.003750
  4.73            0.003750
  4.74            0.003750
  4.75            0.003750
  4.76            0.003750
  4.77            0.003750
  4.78            0.003750
  4.79            0.003750
  4.80            0.003750
  4.81            0.003750
  4.82            0.003750
  4.83            0.003750
  4.84            0.003750
  4.85            0.003750
  4.86            0.003750
  4.87            0.003750
  4.88            0.003750
  4.89            0.003750
  4.90            0.003750
  4.91            0.003750
  4.92            0.003750
  4.93            0.003750
  4.94            0.003750
  4.95            0.003750
  4.96            0.003750
  4.97            0.003750
  4.98            0.003750
  4.99            0.003750
  5.00            0.003750
  5.01            0.003750
  5.02            0.003750
  5.03            0.003750
  5.04            0.003750
  5.05            0.003750
  5.06            0.003750
  5.07            0.003750
  5.08            0.003750
  5.09            0.003750
  5.10            0.003750
  5.11            0.003750
  5.12            0.003750
  5.13            0.003750
  5.14            0.003750
  5.15            0.003750
  5.16            0.003750
  5.17            0.003750
  5.18            0.003750
  5.19            0.003750
  5.20            0.003750
  5.21            0.003750
  5.22            0.003750
  5.23            0.003750
  5.24            0.003750
  5.25            0.003750
  5.26            0.003750
  5.27            0.003750
  5.28            0.003750
  5.29            0.003750
  5.30            0.003750
  5.31            0.003750
  5.32            0.003750
  5.33            0.003750
  5.34            0.003750
  5.35            0.003750
  5.36            0.003750
  5.37            0.003750
  5.38            0.003750
  5.39            0.003750
  5.40            0.003750
  5.41            0.003750
  5.42            0.003750
  5.43            0.003750
  5.44            0.003750
  5.45            0.003750
  5.46            0.003750
  5.47            0.003750
  5.48            0.003750
  5.49            0.003750
  5.50            0.003750
  5.51            0.003750
  5.52            0.003750
  5.53            0.003750
  5.54            0.003750
  5.55            0.003750
  5.56            0.003750
  5.57            0.003750
  5.58            0.003750
  5.59            0.003750
  5.60            0.003750
  5.61            0.003750
  5.62            0.003750
  5.63            0.003750
  5.64            0.003750
  5.65            0.003750
  5.66            0.003750
  5.67            0.003750
  5.68            0.003750
  5.69            0.003750
  5.70            0.003750
  5.71            0.003750
  5.72            0.003750
  5.73            0.003750
  5.74            0.003750
  5.75            0.003750
  5.76            0.003750
  5.77            0.003750
  5.78            0.003750
  5.79            0.003750
  5.80            0.003750
  5.81            0.003750
  5.82            0.003750
  5.83            0.003750
  5.84            0.003750
  5.85            0.003750
  5.86            0.003750
  5.87            0.003750
  5.88            0.003750
  5.89            0.003750
  5.90            0.003750
  5.91            0.003750
  5.92            0.003750
  5.93            0.003750
  5.94            0.003750
  5.95            0.003750
  5.96            0.003750
  5.97            0.003750
  5.98            0.003750
  5.99            0.003750
  6.00            0.003750
  6.01            0.003750
  6.02            0.003750
  6.03            0.003750
  6.04            0.003750
  6.05            0.003750
  6.06            0.003750
  6.07            0.003750
  6.08            0.003750
  6.09            0.003750
  6.10            0.003750
  6.11            0.003750
  6.12            0.003750
  6.13            0.003750
  6.14            0.003750
  6.15            0.003750
  6.16            0.003750
  6.17            0.003750
  6.18            0.003750
  6.19            0.003750
  6.20            0.003750
  6.21            0.003750
  6.22            0.003750
  6.23            0.003750
  6.24            0.003750
  6.25            0.003750
  6.26            0.003750
  6.27            0.003750
  6.28            0.003750
  6.29            0.003750
  6.30            0.003750
  6.31            0.003750
  6.32            0.003750
  6.33            0.003750
  6.34            0.003750
  6.35            0.003750
  6.36            0.003750
  6.37            0.003750
  6.38            0.003750
  6.39            0.003750
  6.40            0.003750
  6.41            0.003750
  6.42            0.003750
  6.43            0.003750
  6.44            0.003750
  6.45            0.003750
  6.46            0.003750
  6.47            0.003750
  6.48            0.003750
  6.49            0.003750
  6.50            0.003750
  6.51            0.003750
  6.52            0.003750
  6.53            0.003750
  6.54            0.003750
  6.55            0.003750
  6.56            0.003750
  6.57            0.003750
  6.58            0.003750
  6.59            0.003750
  6.60            0.003750
  6.61            0.003750
  6.62            0.003750
  6.63            0.003750
  6.64            0.003750
  6.65            0.003750
  6.66            0.003750
  6.67            0.003750
  6.68            0.003750
  6.69            0.003750
  6.70            0.003750
  6.71            0.003750
  6.72            0.003750
  6.73            0.003750
  6.74            0.003750
  6.75            0.003750
  6.76            0.003750
  6.77            0.003750
  6.78            0.003750
  6.79            0.003750
  6.80            0.003750
  6.81            0.003750
  6.82            0.003750
  6.83            0.003750
  6.84            0.003750
  6.85            0.003750
  6.86            0.003750
  6.87            0.003750
  6.88            0.003750
  6.89            0.003750
  6.90            0.003750
  6.91            0.003750
  6.92            0.003750
  6.93            0.003750
  6.94            0.003750
  6.95            0.003750
  6.96            0.003750
  6.97            0.003750
  6.98            0.003750
  6.99            0.003750
  7.00            0.003750
  7.01            0.003750
  7.02            0.003750
  7.03            0.003750
  7.04            0.003750
  7.05            0.003750
  7.06            0.003750
  7.07            0.003750
  7.08            0.003750
  7.09            0.003750
  7.10            0.003750
  7.11            0.003750
  7.12            0.003750
  7.13            0.003750
  7.14            0.003750
  7.15            0.003750
  7.16            0.003750
  7.17            0.003750
  7.18            0.003750
  7.19            0.003750
  7.20            0.003750
  7.21            0.003750
  7.22            0.003750
  7.23            0.003750
  7.24            0.003750
  7.25            0.003750
  7.26            0.003750
  7.27            0.003750
  7.28            0.003750
  7.29            0.003750
  7.30            0.003750
  7.31            0.003750
  7.32            0.003750
  7.33            0.003750
  7.34            0.003750
  7.35            0.003750
  7.36            0.003750
  7.37            0.003750
  7.38            0.003750
  7.39            0.003750
  7.40            0.003750
  7.41            0.003750
  7.42            0.003750
  7.43            0.003750
  7.44            0.003750
  7.45            0.003750
  7.46            0.003750
  7.47            0.003750
  7.48            0.003750
  7.49            0.003750
  7.50            0.003750
  7.51            0.003750
  7.52            0.003750
  7.53            0.003750
  7.54            0.003750
  7.55            0.003750
  7.56            0.003750
  7.57            0.003750
  7.58            0.003750
  7.59            0.003750
  7.60            0.003750
  7.61            0.003750
  7.62            0.003750
  7.63            0.003750
  7.64            0.003750
  7.65            0.003750
  7.66            0.003750
  7.67            0.003750
  7.68            0.003750
  7.69            0.003750
  7.70            0.003750
  7.71            0.003750
  7.72            0.003750
  7.73            0.003750
  7.74            0.003750
  7.75            0.003750
  7.76            0.003750
  7.77            0.003750
  7.78            0.003750
  7.79            0.003750
  7.80            0.003750
  7.81            0.003750
  7.82            0.003750
  7.83            0.003750
  7.84            0.003750
  7.85            0.003750
  7.86            0.003750
  7.87            0.003750
  7.88            0.003750
  7.89            0.003750
  7.90            0.003750
  7.91            0.003750
  7.92            0.003750
  7.93            0.003750
  7.94            0.003750
  7.95            0.003750
  7.96            0.003750
  7.97            0.003750
  7.98            0.003750
  7.99            0.003750
  8.00            0.003750
  8.01            0.003750
  8.02            0.003750
  8.03            0.003750
  8.04            0.003750
  8.05            0.003750
  8.06            0.003750
  8.07            0.003750
  8.08            0.003750
  8.09            0.003750
  8.10            0.003750
  8.11            0.003750
  8.12            0.003750
  8.13            0.003750
  8.14            0.003750
  8.15            0.003750
  8.16            0.003750
  8.17            0.003750
  8.18            0.003750
  8.19            0.003750
  8.20            0.003750
  8.21            0.003750
  8.22            0.003750
  8.23            0.003750
  8.24            0.003750
  8.25            0.003750
  8.26            0.003750
  8.27            0.003750
  8.28            0.003750
  8.29            0.003750
  8.30            0.003750
  8.31            0.003750
  8.32            0.003750
  8.33            0.003750
  8.34            0.003750
  8.35            0.003750
  8.36            0.003750
  8.37            0.003750
  8.38            0.003750
  8.39            0.003750
  8.40            0.003750
  8.41            0.003750
  8.42            0.003750
  8.43            0.003750
  8.44            0.003750
  8.45            0.003750
  8.46            0.003750
  8.47            0.003750
  8.48            0.003750
  8.49            0.003750
  8.50            0.003750
  8.51            0.003750
  8.52            0.003750
  8.53            0.003750
  8.54            0.003750
  8.55            0.003750
  8.56            0.003750
  8.57            0.003750
  8.58            0.003750
  8.59            0.003750
  8.60            0.003750
  8.61            0.003750
  8.62            0.003750
  8.63            0.003750
  8.64            0.003750
  8.65            0.003750
  8.66            0.003750
  8.67            0.003750
  8.68            0.003750
  8.69            0.003750
  8.70            0.003750
  8.71            0.003750
  8.72            0.003750
  8.73            0.003750
  8.74            0.003750
  8.75            0.003750
  8.76            0.003750
  8.77            0.003750
  8.78            0.003750
  8.79            0.003750
  8.80            0.003750
  8.81            0.003750
  8.82            0.003750
  8.83            0.003750
  8.84            0.003750
  8.85            0.003750
  8.86            0.003750
  8.87            0.003750
  8.88            0.003750
  8.89            0.003750
  8.90            0.003750
  8.91            0.003750
  8.92            0.003750
  8.93            0.003750
  8.94            0.003750
  8.95            0.003750
  8.96            0.003750
  8.97            0.003750
  8.98            0.003750
  8.99            0.003750
  9.00            0.003750
  9.01            0.003750
  9.02            0.003750
  9.03            0.003750
  9.04            0.003750
  9.05            0.003750
  9.06            0.003750
  9.07            0.003750
  9.08            0.003750
  9.09            0.003750
  9.10            0.003750
  9.11            0.003750
  9.12            0.003750
  9.13            0.003750
  9.14            0.003750
  9.15            0.003750
  9.16            0.003750
  9.17            0.003750
  9.18            0.003750
  9.19            0.003750
  9.20            0.003750
  9.21            0.003750
  9.22            0.003750
  9.23            0.003750
  9.24            0.003750
  9.25            0.003750
  9.26            0.003750
  9.27            0.003750
  9.28            0.003750
  9.29            0.003750
  9.30            0.003750
  9.31            0.003750
  9.32            0.003750
  9.33            0.003750
  9.34            0.003750
  9.35            0.003750
  9.36            0.003750
  9.37            0.003750
  9.38            0.003750
  9.39            0.003750
  9.40            0.003750
  9.41            0.003750
  9.42            0.003750
  9.43            0.003750
  9.44            0.003750
  9.45            0.003750
  9.46            0.003750
  9.47            0.003750
  9.48            0.003750
  9.49            0.003750
  9.50            0.003750
  9.51            0.003750
  9.52            0.003750
  9.53            0.003750
  9.54            0.003750
  9.55            0.003750
  9.56            0.003750
  9.57            0.003750
  9.58            0.003750
  9.59            0.003750
  9.60            0.003750
  9.61            0.003750
  9.62            0.003750
  9.63            0.003750
  9.64            0.003750
  9.65            0.003750
  9.66            0.003750
  9.67            0.003750
  9.68            0.003750
  9.69            0.003750
  9.70            0.003750
  9.71            0.003750
  9.72            0.003750
  9.73            0.003750
  9.74            0.003750
  9.75            0.003750
  9.76            0.003750
  9.77            0.003750
  9.78            0.003750
  9.79            0.003750
  9.80            0.003750
  9.81            0.003750
  9.82            0.003750
  9.83            0.003750
  9.84            0.003750
  9.85            0.003750
  9.86            0.003750
  9.87            0.003750
  9.88            0.003750
  9.89            0.003750
  9.90            0.003750
  9.91            0.003750
  9.92            0.003750
  9.93            0.003750
  9.94            0.003750
  9.95            0.003750
  9.96            0.003750
  9.97            0.003750
  9.98            0.003750
  9.99            0.003750
 10.00            0.003750
