  f
  0.00            0.000000
  0.01            0.000044
  0.02            0.000088
  0.03            0.000132
  0.04            0.000176
  0.05            0.000220
  0.06            0.000264
  0.07            0.000308
  0.08            0.000352
  0.09            0.000396
  0.10            0.000440
  0.11            0.000484
  0.12            0.000528
  0.13            0.000572
  0.14            0.000616
  0.15            0.000660
  0.16            0.000704
  0.17            0.000748
  0.18            0.000792
  0.19            0.000836
  0.20            0.000880
  0.21            0.000924
  0.22            0.000968
  0.23            0.001012
  0.24            0.001056
  0.25            0.001100
  0.26            0.001144
  0.27            0.001188
  0.28            0.001232
  0.29            0.001276
  0.30            0.001320
  0.31            0.001364
  0.32            0.001408
  0.33            0.001452
  0.34            0.001496
  0.35            0.001540
  0.36            0.001584
  0.37            0.001628
  0.38            0.001672
  0.39            0.001716
  0.40            0.001760
  0.41            0.001804
  0.42            0.001848
  0.43            0.001892
  0.44            0.001936
  0.45            0.001980
  0.46            0.002024
  0.47            0.002068
  0.48            0.002112
  0.49            0.002156
  0.50            0.002200
  0.51            0.002244
  0.52            0.002288
  0.53            0.002332
  0.54            0.002376
  0.55            0.002420
  0.56            0.002464
  0.57            0.002508
  0.58            0.002552
  0.59            0.002596
  0.60            0.002640
  0.61            0.002684
  0.62            0.002728
  0.63            0.002772
  0.64            0.002816
  0.65            0.002860
  0.66            0.002904
  0.67            0.002948
  0.68            0.002992
  0.69            0.003036
  0.70            0.003080
  0.71            0.003124
  0.72            0.003168
  0.73            0.003212
  0.74            0.003256
  0.75            0.003300
  0.76            0.003344
  0.77            0.003388
  0.78            0.003432
  0.79            0.003476
  0.80            0.003520
  0.81            0.003564
  0.82            0.003608
  0.83            0.003652
  0.84            0.003696
  0.85            0.003740
  0.86            0.003784
  0.87            0.003828
  0.88            0.003872
  0.89            0.003916
  0.90            0.003960
  0.91            0.004004
  0.92            0.004048
  0.93            0.004092
  0.94            0.004136
  0.95            0.004180
  0.96            0.004224
  0.97            0.004268
  0.98            0.004312
  0.99            0.004356
  1.00            0.004400
